etoileBoules 1 16 0 0.494382 0 0 0 0 0 0 0 0.438202 0.325843 0 0.179775 1 0 0;
etoileBackground 0 16 0 0 2 0 3 3 3 3 1 3 3 0 0 0 0 0;
etoileCrepite 0.730337 16 0.393258 0.269663 0 0.179775 0.101124 0.0561798 0 0.179775 0 0 0.292135 1 0.11236 0.730337 0 0;
upMix 0 16 0 1 1 1 1 1 1 1 0 0 0 0 0 0 0 0;
pointMix 0 16 0 0.494382 1 1 0.47191 0 0 0 0 0 0.494382 0 0 0 0 0;
fireMix 0 16 0 0 0 0 1 1 1 1 1 1 1 0 0 0 0.0898876 0;
speedPoint 0.764045 16 0.764045 0.730337 0.730337 0.47191 0.47191 0.47191 0.47191 0.47191 0.47191 0.47191 0.752809 0.764045 0.764045 0.764045 0.764045 0;
fireSmooth 0.651685 16 0.651685 0.651685 0.651685 0.651685 0.651685 0.786517 0.786517 0.786517 0.730337 0.730337 0.797753 0.651685 0.651685 0.651685 0.651685 0;
crepite 0.966292 16 0.786517 0.853933 0.853933 0.853933 0.168539 0.168539 0.123596 0.123596 0 0.651685 0.651685 0.932584 0.494382 0.966292 0.932584 0;
fireSpeed 0.921348 16 0.921348 0.921348 0.921348 0.921348 0.921348 0.921348 0.808989 0.808989 0.786517 0.786517 0.786517 0.921348 0.921348 0.921348 0.921348 0;
rot 0 16 0 0 0 0 0 0 0 0.910112 0.910112 0.910112 0.910112 0 0 0 0 0;
